INFO:2024/01/04 17:26:36.403753 Admin
INFO:2024/01/04 17:26:36.432394 Login successfully
